-4.4405 0.27678 1.2536d-3 4.8938d-7
-4.3624 0.27647 1.2802d-3 5.2046d-7
-25.767 1.6458 7.6905d-3 3.1668d-6
-23.916 1.3793 6.1246d-3 2.1530d-6
-1.3617 0.94899 -6.9259d-4 2.5974d-6
-2.0631 1.8873 -1.3669d-3 5.4032d-6
-2.9175 2.0114 -1.4786d-3 5.5941d-6
-16.558 11.733 -8.5844d-3 3.2379d-5
-4.4685 4.0330 -2.9590d-3 1.1770d-5
-26.263 23.350 -1.7032d-2 6.7532d-5
-1.4811 1.0667 -7.8758d-4 3.0133d-6
-17.600 12.445 -9.1837d-3 3.4915d-5
-164.43 6.9047 1.0396d-2 2.6669d-5
-352.22 14.796 2.1475d-2 5.9891d-5
-174.66 7.2912 1.0093d-2 2.9991d-5
-2054.0 85.998 0.12667 3.3026d-4
-1014.8 42.494 6.2586d-2 1.6319d-4
24.892 14.979 -7.6213d-3 4.6310d-5
36.318 9.5497 -2.3943d-3 2.6842d-5
24.241 10.179 -4.3002d-3 3.0425d-5
67.708 14.878 -1.0730d-3 3.4254d-5
500.69 84.526 8.3494d-3 1.7154d-4
0.27758 0.36290 -7.4669d-6 1.4896d-8
0.53142 0.75953 -1.7810d-5 3.5160d-8
0.26593 0.38126 -9.2083d-6 1.8086d-8
1.6376 2.2343 -4.9025d-5 9.7389d-8
0.51216 0.79978 -2.1784d-5 4.2749d-8
3.2731 4.6577 -6.9833d-5 1.8853d-7
-26.479 1.1557 2.6831d-3 1.5117d-6
-52.956 2.3113 5.3659d-3 3.0232d-6
-215.77 9.3318 2.1779d-2 1.2183d-5
0.35923 0.73534 -6.4870d-5 1.3073d-7
-4.0039 1.5595 -1.5357d-4 3.0969d-7
-23.325 9.0981 -8.4435d-4 1.7062d-6
-75.888 7.9048 0.17555d-1 0.15606d-4
-29.980 3.6479 0.80522d-2 0.71296d-5
-80.558 8.3447 0.18448d-1 0.16323d-4
-240.56 11.101 0.22164d-1 0.52334d-4
-241.67 11.151 0.22270d-1 0.52550d-4
-530.42 24.216 0.66856d-1 0.43823d-4
-62.293 3.0915 0.94575d-2 0.18416d-5
-42.130 2.0569 0.63387d-2 0.12127d-5
-1. 0. 0. 0.
17.478 0.31954 0.76581d-3 0.71337d-6
17.354 0.32350 0.76446d-3 0.70932d-6
30.717 1.3135 0.31430d-2 0.28371d-5
1.5486 0.13350 0.59154d-5 0.46889d-8
2.8627 0.53122 0.67464d-5 0.16730d-8
2.8617 0.53203 0.66553d-5 0.15168d-8
2.7963 0.66532 0.34255d-5 0.52274d-8
2.7953 0.66554 0.32931d-5 0.54823d-8
4.0170 1.3003 -0.11409d-4 0.40026d-7
363.87 28.367 0.46556d-1 0.12058d-4
370.39 28.834 0.47392d-1 0.12522d-4
-0.93697 3.6090 -0.34552d-2 0.17462d-4
-1.1536 3.7028 -0.35582d-2 0.17922d-4
-0.61015 7.2200 -0.70044d-2 0.36708d-4
-0.21569 3.8332 -0.36783d-2 0.19177d-4
-117.60 4.6885 0.15088d-1 0.35367d-5
-241.26 9.6134 0.30938d-1 0.72579d-5
-119.99 5.2912 0.14686d-1 0.43505d-5
-736.40 34.149 0.93554d-1 0.67409d-4
-749.23 34.747 0.95251d-1 0.68523d-4
1.3684 1.5756 -0.18511d-4 0.38960d-7
-1.3992 2.9619 -0.17464d-2 0.65937d-5
-2.5869 6.0744 -0.35719d-2 0.13654d-4
-1.1408 2.0353 -0.12159d-2 0.46375d-5
-914.16 34.081 0.75461d-2 0.17933d-3
-928.68 34.621 0.76674d-2 0.18217d-3
-364.99 13.712 0.38658d-1 0.23052d-4
-8.3088 1.4484 -0.25946d-2 0.84612d-5
-66.736 11.592 -0.20779d-1 0.67719d-4
-1. 0. 0. 0. 
-150.68 6.4718 0.12588d-1 0.14759d-4
-5418.0 188.68 -0.33139 0.18650d-2
-1. 0. 0. 0. 
-15.521 0.83130 0.33656d-2 0.85691d-6
-15.561 0.83337 0.33744d-2 0.85937d-6
-62.170 3.3295 0.13480d-1 0.34323d-5
-2955.0 103.49 -0.13146 0.87787d-3
-156.84 7.4450 0.26011d-1 0.92704d-6
-1. 0. 0. 0. 
-1. 0. 0. 0. 
-1. 0. 0. 0. 
0.91798 1.0416 -0.11614d-4 0.24499d-7
174.64 175.11 1047.93 859.01
286.94 578.41 609.48 3552.68 1229.08 7162.91 324.21 3776.36
3481.86 7462.18 3645.64 43064.8 21279.2
4991.95 3349.38 3449.51 5265.94 30700.7
107.428 224.704 112.781 661.221 236.447 1380.72
589.896 1179.73 4770.59 
215.727 452.185 2639.98
1142.142 789.2578 1204.452
6340.277 6368.939
13577.53
1725.235 1152.691
214117.1
80.36173 80.88211 209.3133
41.46629
160.6584 160.8910
200.1755 200.2356
388.9971
3274.614 3332.251
1221.034 1253.497 2484.180 1313.742
2846.747 5837.612 2986.420
19274.26 19615.94
465.9778
895.2930 1840.340 621.4084
115830.3 117666.0
9819.802
414.0324 1656.217
70881.28
3248.567
70044.15
1623284.0
503.0723 504.3521 2014.936
39133.07
4300.415
-1
4788362.0 4910202.0
311.6832
18. 20. 19. 19.
44. 45. 46. 45. 47. 46. 48. 47.
48. 50. 50. 49. 49.
44. 45. 45. 46. 45.
28. 29. 30. 29. 31. 30.
16. 17. 17.
32. 34. 33.
30. 31. 32.
64. 66.
46.
17. 18.
63.
17. 19. 18.
20.
36. 38.
80. 82.
128.
51. 53.
60. 62. 61. 62.
30. 31. 32.
52. 54.
28.
27. 28. 28.
50. 52.
34.
26. 27.
30.
34.
66.
146.
34. 36. 35.
46.
33.
16.
97. 99.
30.
0.997317 1.99983e-3 3.71884e-04 3.10693e-4
0.984204 1.10574e-2 3.94707e-3 7.33989e-4 4.43446e-5 8.24623e-06 3.95734e-6 1.47180e-6
1. 0. 0. 0. 0. 
1. 0. 0. 0. 0.
1. 0. 0. 0. 0. 0.
0.988274 0.011103 6.157510e-4 
1. 0. 0.
1. 0. 0. 
0.945678 4.19503e-2
1. 
1. 0. 
1. 
1. 0. 0. 
1. 
1. 0. 
1. 0. 
1. 
1. 0.
1. 0. 0. 0. 
1. 0. 0. 
1. 0. 
1. 
1. 0. 0. 
1. 0.
1. 
1. 0. 
1.
1. 
1. 
1.
0.949884 4.21369e-2 7.49766e-3 
1. 
1. 
1. 
1. 0. 
1. 
